[gd_scene load_steps=2 format=2]

[ext_resource path="res://assets/mesh/suit-1.glb" type="PackedScene" id=1]

[node name="Scene Root" instance=ExtResource( 1 )]
transform = Transform( 1, 0, 0, 0, -4.37114e-08, 1, 0, -1, -4.37114e-08, 0, 0, 0 )

[node name="Armature" parent="." index="0"]
editor/display_folded = true

[node name=" Foot L" parent="Armature" index="0"]
transform = Transform( 0.612233, 0.787061, 0.0755397, 0.172261, -0.039531, -0.984258, -0.771685, 0.615607, -0.159782, -0.0665814, 0.183024, 0.101377 )

[node name=" Foot R001" parent="Armature" index="1"]
transform = Transform( 0.60634, 0.787061, -0.113522, 0.173421, -0.2702, -0.947057, -0.776065, 0.554551, -0.300325, -0.0521714, -2.11923, -0.525615 )

[node name="Head" parent="Armature" index="2"]
transform = Transform( 0.555915, -0.466777, 0.687806, 0.674576, -0.23015, -0.701412, 0.485702, 0.853903, 0.186933, -0.83082, -1.79047, 2.77568 )

[node name="Shoulder L" parent="Armature/Head" index="0"]
transform = Transform( 0.397455, 0.776237, 0.489372, -0.776238, 0, 0.63044, 0.489371, -0.630441, 0.602545, 0.1684, -0.0676247, -0.410176 )

[node name="Forearm L" parent="Armature/Head/Shoulder L" index="0"]
transform = Transform( 0.614763, 0.787237, -0.0482017, -0.645665, 0.537423, 0.542488, 0.452971, -0.302379, 0.83868, -4.38407e-07, 1.78933, 1.14528e-07 )

[node name="Arm L" parent="Armature/Head/Shoulder L/Forearm L" index="0"]
transform = Transform( 0.692329, 0.638316, -0.336503, -0.526843, 0.128495, -0.840194, -0.49307, 0.758975, 0.425253, -8.03691e-08, 1.91762, -1.33041e-07 )

[node name="Shoulder L001" parent="Armature/Head" index="1"]
transform = Transform( -0.364088, -0.776237, 0.51468, 0.816381, 5.96046e-08, 0.577514, -0.448287, 0.630441, 0.633705, -0.422544, -0.0676246, 0.0697746 )

[node name="Forearm L001" parent="Armature/Head/Shoulder L001" index="0"]
transform = Transform( 0.200895, -0.807906, -0.554012, 0.647354, 0.533948, -0.543905, 0.735237, -0.249374, 0.630269, 2.37113e-07, 1.78933, -4.81474e-07 )

[node name="Arm L001" parent="Armature/Head/Shoulder L001/Forearm L001" index="0"]
transform = Transform( 0.604488, 0.636308, 0.479277, 0.52955, 0.128495, -0.83849, -0.595123, 0.760658, -0.259284, -5.23029e-07, 1.91762, 1.91993e-07 )

[node name="Leg L" parent="Armature/Head" index="2"]
transform = Transform( 0.286896, 0.853635, -0.434738, -0.475442, -0.267097, -0.838221, -0.831652, 0.447175, 0.329225, -0.316083, -1.55369, -1.44325 )

[node name="Leg L001" parent="Armature/Head/Leg L" index="0"]
transform = Transform( 0.793842, 0.607186, -0.0337525, 0.2834, -0.418487, -0.862875, -0.538051, 0.675421, -0.504289, 2.0198e-07, 1.71879, 2.92577e-07 )

[node name="Leg R002" parent="Armature/Head" index="3"]
transform = Transform( 0.586926, 0.240139, -0.773208, -0.725075, -0.269037, -0.633945, -0.360256, 0.932713, 0.0162141, -1.26499, -1.55369, -0.672576 )

[node name="Leg R003" parent="Armature/Head/Leg R002" index="0"]
transform = Transform( 0.685429, 0.518858, -0.510855, -0.329609, -0.404494, -0.853078, -0.649264, 0.753107, -0.106232, -5.85675e-07, 1.74244, 2.8447e-07 )
